,clarity,neutrality,verifiability,coverage,structure,readability,informativeness
clarity,1.0,0.2402,0.4868,0.3278,0.8114,0.8432,0.3737
neutrality,0.2402,1.0,0.2784,0.1469,0.2471,0.2814,0.1894
verifiability,0.4868,0.2784,1.0,0.4559,0.4522,0.4549,0.532
coverage,0.3278,0.1469,0.4559,1.0,0.3406,0.2935,0.792
structure,0.8114,0.2471,0.4522,0.3406,1.0,0.8154,0.396
readability,0.8432,0.2814,0.4549,0.2935,0.8154,1.0,0.3512
informativeness,0.3737,0.1894,0.532,0.792,0.396,0.3512,1.0
